04 06 19 26 38 41 16
23 25 28 49 52 54 44
08 22 29 43 45 54 23
06 08 23 25 33 35 27
03 08 09 40 44 48 02
09 25 27 32 37 46 23
04 25 28 32 33 55 03
11 17 22 28 39 49 43
04 08 14 21 30 49 38
06 17 37 41 48 50 13
12 25 26 28 33 46 22
07 12 17 26 37 46 28
20 26 41 46 47 48 18
06 15 16 33 41 43 51
08 21 32 34 41 46 48
02 06 16 29 37 42 22
02 16 17 20 31 51 50
01 26 31 36 40 46 28
06 10 17 23 25 38 21
13 18 22 35 42 43 03
01 17 23 29 44 45 37
12 15 21 28 32 40 43
03 15 26 35 43 52 07
04 08 12 42 44 51 41
05 07 14 24 29 36 46
05 24 40 42 46 54 03
01 11 14 33 46 48 40
09 16 19 23 25 39 04
02 15 25 30 31 32 13
05 08 30 36 49 51 18
15 19 25 42 51 53 02
04 10 16 25 26 43 52
05 12 15 25 43 48 01
03 23 25 39 47 48 55
01 03 08 16 19 36 41
12 16 18 26 30 45 36
06 14 24 28 33 52 50
01 06 12 21 37 49 53
08 20 24 37 51 55 27
01 14 18 28 47 49 22
05 09 16 35 45 46 44
01 06 16 30 34 55 29
05 11 32 35 40 52 31
05 24 34 39 42 49 16
32 38 42 44 47 55 46
05 18 26 36 43 44 45
06 14 15 25 29 32 41
02 03 19 28 42 45 12
11 18 20 22 25 40 05
01 05 09 34 37 45 52
04 08 39 41 53 55 52
02 07 13 28 29 34 39
21 24 27 34 38 42 46
03 27 36 41 49 55 18
14 22 24 25 43 49 17
08 24 25 32 37 44 03
11 23 51 52 53 54 27
01 22 38 48 49 53 42
27 29 33 39 47 53 55
15 32 33 36 43 46 31
12 18 41 43 47 51 10
09 18 24 43 44 50 15
02 28 30 43 44 55 22
11 17 25 29 45 48 53
03 06 31 40 47 54 08
19 32 38 40 45 48 02
18 31 32 46 50 52 28
04 30 32 39 41 53 42
33 36 38 42 43 46 03
04 10 15 16 47 51 23
07 11 28 30 33 50 49
03 17 27 30 34 49 25
16 17 21 28 39 50 19
30 31 35 43 48 50 22
10 18 23 25 45 47 38
02 15 26 32 35 36 16
09 13 21 40 51 54 04
06 27 43 44 45 47 33
09 13 19 21 34 51 35
10 22 23 34 46 54 27
14 17 31 35 37 40 28
05 22 30 32 38 55 33
05 11 15 19 29 31 35
06 26 39 40 46 47 02
05 07 12 26 29 44 38
18 24 32 43 48 55 15
05 21 24 47 52 55 20
12 13 24 25 39 41 09
11 25 29 37 39 52 45
06 13 18 27 34 46 33
08 09 33 34 35 52 36
02 20 33 45 51 55 01
27 28 29 39 40 54 13
05 08 09 13 14 47 53
05 06 17 28 29 39 34
01 04 24 35 44 47 17
02 05 28 40 47 48 31
08 09 20 41 48 54 02
06 21 27 41 51 53 43
09 10 36 41 51 55 52
01 12 21 34 48 55 50
19 28 29 30 33 36 14
17 18 28 47 50 53 11
23 27 31 37 38 42 26
06 16 29 32 42 51 43
13 21 31 41 44 45 27
19 30 35 40 49 53 42
01 05 07 10 25 48 36
02 13 19 29 30 32 16
04 14 18 39 50 53 31
11 22 31 33 40 46 41
01 05 27 43 52 54 15
09 13 23 32 36 52 43
02 08 15 19 35 38 14
09 10 21 40 41 48 54
03 08 19 30 41 52 09
05 08 19 34 40 49 39
08 27 32 43 53 54 45
12 14 19 29 44 47 26
01 04 05 17 42 47 09
11 13 23 27 37 43 34
15 32 33 37 42 54 28
14 15 16 22 23 29 20
05 11 12 22 43 45 42
06 08 19 20 47 53 07
11 17 23 34 41 51 40
11 26 34 40 46 52 01
12 13 43 48 51 52 15
08 15 16 39 45 51 23
06 30 36 39 44 46 49
15 21 27 34 37 53 29
17 19 35 42 51 52 34
08 18 20 22 42 46 01
01 07 10 17 19 30 53
01 03 10 13 15 20 32
03 09 20 23 31 54 55
08 13 24 28 29 33 49
10 19 22 25 47 53 52
12 27 33 44 48 50 18
08 11 14 27 38 45 21
08 18 23 30 35 42 43
04 20 26 36 47 51 33
01 19 25 27 38 42 54
03 15 22 39 46 48 43
03 09 21 22 26 35 15
04 06 18 27 52 53 10
08 23 24 48 49 52 01
02 13 16 18 41 42 19
11 14 29 31 52 54 07
16 17 27 48 52 53 24
01 11 25 44 45 46 35
06 30 36 41 49 55 20
02 12 13 18 33 44 31
10 22 31 37 41 52 20
02 25 38 50 51 55 21
01 02 29 34 41 42 09
02 06 09 20 31 35 42
14 26 35 43 45 48 03
05 19 22 23 30 44 52
11 12 13 14 23 55 27
06 08 33 37 38 51 48
10 15 36 42 45 52 20
09 13 24 43 47 48 18
05 12 34 37 47 49 28
03 04 09 15 33 54 16
05 12 14 19 46 51 36